16
11
10
15
20

9
4
3
8
13

12
17
16
11
6

18
23
24
19
14

1
0
5
6
7

3
2
7
8
9

21
22
17
16
15

3
2
7
8
9

16
11
10
15
20

9
4
3
8
13

18
23
24
19
14

21
22
17
16
15

12
17
16
11
6

1
0
5
6
7

3
2
7
8
9

9
4
3
8
13

18
23
24
19
14

21
22
17
16
15

1
0
5
6
7

12
17
16
11
6

16
11
10
15
20

1
0
5
6
7

12
17
16
11
6

9
4
3
8
13

16
11
10
15
20

21
22
17
16
15

3
2
7
8
9

18
23
24
19
14

21
22
17
16
15

12
17
16
11
6

16
11
10
15
20

1
0
5
6
7

9
4
3
8
13

3
2
7
8
9

18
23
24
19
14

16
11
10
15
20

3
2
7
8
9

21
22
17
16
15

1
0
5
6
7

9
4
3
8
13

18
23
24
19
14

12
17
16
11
6

12
17
16
11
6

1
0
5
6
7

9
4
3
8
13

16
11
10
15
20

21
22
17
16
15

18
23
24
19
14

3
2
7
8
9

16
11
10
15
20

9
4
3
8
13

1
0
5
6
7

12
17
16
11
6

21
22
17
16
15

3
2
7
8
9

18
23
24
19
14

18
23
24
19
14

21
22
17
16
15

1
0
5
6
7

3
2
7
8
9

12
17
16
11
6

9
4
3
8
13

16
11
10
15
20

