6
11
10
5
0
1
2

22
17
16
15
20
21

18
17
16
11
6
7
12

21
20
15
16
17
22

14
13
8
3
4
9

8
13
12
7
2
3
4

12
7
6
11
16
17
18

15
16
11
6
5
10

2
1
0
5
10
11
6

4
3
2
7
12
13
8

9
4
3
8
13
14

10
5
6
11
16
15

23
24
19
14
13
18

18
13
14
19
24
23

21
20
15
16
17
22

14
13
8
3
4
9

12
7
6
11
16
17
18

22
17
16
15
20
21

18
17
16
11
6
7
12

6
11
10
5
0
1
2

4
3
2
7
12
13
8

18
13
14
19
24
23

10
5
6
11
16
15

23
24
19
14
13
18

8
13
12
7
2
3
4

15
16
11
6
5
10

9
4
3
8
13
14

2
1
0
5
10
11
6

2
1
0
5
10
11
6

8
13
12
7
2
3
4

18
17
16
11
6
7
12

18
13
14
19
24
23

9
4
3
8
13
14

23
24
19
14
13
18

21
20
15
16
17
22

4
3
2
7
12
13
8

12
7
6
11
16
17
18

6
11
10
5
0
1
2

15
16
11
6
5
10

10
5
6
11
16
15

22
17
16
15
20
21

14
13
8
3
4
9

18
17
16
11
6
7
12

6
11
10
5
0
1
2

21
20
15
16
17
22

8
13
12
7
2
3
4

22
17
16
15
20
21

2
1
0
5
10
11
6

23
24
19
14
13
18

10
5
6
11
16
15

12
7
6
11
16
17
18

15
16
11
6
5
10

4
3
2
7
12
13
8

9
4
3
8
13
14

14
13
8
3
4
9

18
13
14
19
24
23

22
17
16
15
20
21

15
16
11
6
5
10

21
20
15
16
17
22

14
13
8
3
4
9

2
1
0
5
10
11
6

6
11
10
5
0
1
2

18
13
14
19
24
23

10
5
6
11
16
15

8
13
12
7
2
3
4

23
24
19
14
13
18

12
7
6
11
16
17
18

4
3
2
7
12
13
8

9
4
3
8
13
14

18
17
16
11
6
7
12

