4
3
2
7
12
13
8

14
13
8
3
4
9

12
7
6
11
16
17
18

6
11
10
5
0
1
2

10
5
6
11
16
15

18
17
16
11
6
7
12

9
4
3
8
13
14

21
20
15
16
17
22

8
13
12
7
2
3
4

22
17
16
15
20
21

2
1
0
5
10
11
6

15
16
11
6
5
10

23
24
19
14
13
18

18
13
14
19
24
23

22
17
16
15
20
21

15
16
11
6
5
10

23
24
19
14
13
18

4
3
2
7
12
13
8

9
4
3
8
13
14

21
20
15
16
17
22

12
7
6
11
16
17
18

18
13
14
19
24
23

6
11
10
5
0
1
2

14
13
8
3
4
9

8
13
12
7
2
3
4

18
17
16
11
6
7
12

2
1
0
5
10
11
6

10
5
6
11
16
15

22
17
16
15
20
21

18
13
14
19
24
23

4
3
2
7
12
13
8

10
5
6
11
16
15

8
13
12
7
2
3
4

18
17
16
11
6
7
12

2
1
0
5
10
11
6

15
16
11
6
5
10

23
24
19
14
13
18

9
4
3
8
13
14

14
13
8
3
4
9

12
7
6
11
16
17
18

6
11
10
5
0
1
2

21
20
15
16
17
22

14
13
8
3
4
9

9
4
3
8
13
14

18
17
16
11
6
7
12

21
20
15
16
17
22

22
17
16
15
20
21

15
16
11
6
5
10

23
24
19
14
13
18

6
11
10
5
0
1
2

8
13
12
7
2
3
4

18
13
14
19
24
23

2
1
0
5
10
11
6

10
5
6
11
16
15

4
3
2
7
12
13
8

12
7
6
11
16
17
18

23
24
19
14
13
18

9
4
3
8
13
14

12
7
6
11
16
17
18

2
1
0
5
10
11
6

8
13
12
7
2
3
4

4
3
2
7
12
13
8

21
20
15
16
17
22

14
13
8
3
4
9

18
13
14
19
24
23

6
11
10
5
0
1
2

10
5
6
11
16
15

15
16
11
6
5
10

22
17
16
15
20
21

18
17
16
11
6
7
12

