23
24
19
14
13
18

18
17
16
11
6
7
12

10
5
6
11
16
15

21
20
15
16
17
22

22
17
16
15
20
21

18
13
14
19
24
23

8
13
12
7
2
3
4

12
7
6
11
16
17
18

4
3
2
7
12
13
8

6
11
10
5
0
1
2

15
16
11
6
5
10

9
4
3
8
13
14

2
1
0
5
10
11
6

14
13
8
3
4
9

12
7
6
11
16
17
18

4
3
2
7
12
13
8

8
13
12
7
2
3
4

22
17
16
15
20
21

10
5
6
11
16
15

14
13
8
3
4
9

21
20
15
16
17
22

18
17
16
11
6
7
12

15
16
11
6
5
10

9
4
3
8
13
14

6
11
10
5
0
1
2

2
1
0
5
10
11
6

18
13
14
19
24
23

23
24
19
14
13
18

21
20
15
16
17
22

22
17
16
15
20
21

12
7
6
11
16
17
18

23
24
19
14
13
18

18
17
16
11
6
7
12

8
13
12
7
2
3
4

14
13
8
3
4
9

18
13
14
19
24
23

10
5
6
11
16
15

2
1
0
5
10
11
6

9
4
3
8
13
14

15
16
11
6
5
10

4
3
2
7
12
13
8

6
11
10
5
0
1
2

18
17
16
11
6
7
12

9
4
3
8
13
14

22
17
16
15
20
21

14
13
8
3
4
9

12
7
6
11
16
17
18

4
3
2
7
12
13
8

18
13
14
19
24
23

10
5
6
11
16
15

23
24
19
14
13
18

15
16
11
6
5
10

8
13
12
7
2
3
4

2
1
0
5
10
11
6

21
20
15
16
17
22

6
11
10
5
0
1
2

14
13
8
3
4
9

10
5
6
11
16
15

2
1
0
5
10
11
6

18
13
14
19
24
23

18
17
16
11
6
7
12

6
11
10
5
0
1
2

12
7
6
11
16
17
18

22
17
16
15
20
21

4
3
2
7
12
13
8

8
13
12
7
2
3
4

15
16
11
6
5
10

9
4
3
8
13
14

23
24
19
14
13
18

21
20
15
16
17
22

