18
17
16
11
6
7
12

8
13
12
7
2
3
4

21
20
15
16
17
22

14
13
8
3
4
9

23
24
19
14
13
18

18
13
14
19
24
23

4
3
2
7
12
13
8

10
5
6
11
16
15

6
11
10
5
0
1
2

2
1
0
5
10
11
6

9
4
3
8
13
14

12
7
6
11
16
17
18

15
16
11
6
5
10

22
17
16
15
20
21

22
17
16
15
20
21

15
16
11
6
5
10

21
20
15
16
17
22

9
4
3
8
13
14

2
1
0
5
10
11
6

14
13
8
3
4
9

4
3
2
7
12
13
8

12
7
6
11
16
17
18

6
11
10
5
0
1
2

18
17
16
11
6
7
12

10
5
6
11
16
15

23
24
19
14
13
18

18
13
14
19
24
23

8
13
12
7
2
3
4

15
16
11
6
5
10

12
7
6
11
16
17
18

8
13
12
7
2
3
4

9
4
3
8
13
14

4
3
2
7
12
13
8

14
13
8
3
4
9

18
17
16
11
6
7
12

22
17
16
15
20
21

21
20
15
16
17
22

10
5
6
11
16
15

23
24
19
14
13
18

18
13
14
19
24
23

6
11
10
5
0
1
2

2
1
0
5
10
11
6

8
13
12
7
2
3
4

10
5
6
11
16
15

23
24
19
14
13
18

12
7
6
11
16
17
18

14
13
8
3
4
9

4
3
2
7
12
13
8

6
11
10
5
0
1
2

18
13
14
19
24
23

9
4
3
8
13
14

22
17
16
15
20
21

15
16
11
6
5
10

2
1
0
5
10
11
6

21
20
15
16
17
22

18
17
16
11
6
7
12

18
17
16
11
6
7
12

15
16
11
6
5
10

10
5
6
11
16
15

4
3
2
7
12
13
8

6
11
10
5
0
1
2

12
7
6
11
16
17
18

23
24
19
14
13
18

2
1
0
5
10
11
6

9
4
3
8
13
14

18
13
14
19
24
23

21
20
15
16
17
22

14
13
8
3
4
9

22
17
16
15
20
21

8
13
12
7
2
3
4

