6
11
10
5
0
1
2

8
13
12
7
2
3
4

21
20
15
16
17
22

10
5
6
11
16
15

23
24
19
14
13
18

22
17
16
15
20
21

2
1
0
5
10
11
6

15
16
11
6
5
10

18
13
14
19
24
23

4
3
2
7
12
13
8

14
13
8
3
4
9

9
4
3
8
13
14

18
17
16
11
6
7
12

12
7
6
11
16
17
18

4
3
2
7
12
13
8

23
24
19
14
13
18

10
5
6
11
16
15

15
16
11
6
5
10

18
13
14
19
24
23

22
17
16
15
20
21

9
4
3
8
13
14

12
7
6
11
16
17
18

6
11
10
5
0
1
2

2
1
0
5
10
11
6

8
13
12
7
2
3
4

18
17
16
11
6
7
12

21
20
15
16
17
22

14
13
8
3
4
9

22
17
16
15
20
21

4
3
2
7
12
13
8

12
7
6
11
16
17
18

9
4
3
8
13
14

23
24
19
14
13
18

8
13
12
7
2
3
4

14
13
8
3
4
9

18
13
14
19
24
23

18
17
16
11
6
7
12

15
16
11
6
5
10

6
11
10
5
0
1
2

10
5
6
11
16
15

21
20
15
16
17
22

2
1
0
5
10
11
6

23
24
19
14
13
18

14
13
8
3
4
9

6
11
10
5
0
1
2

9
4
3
8
13
14

4
3
2
7
12
13
8

22
17
16
15
20
21

2
1
0
5
10
11
6

15
16
11
6
5
10

12
7
6
11
16
17
18

18
13
14
19
24
23

21
20
15
16
17
22

10
5
6
11
16
15

8
13
12
7
2
3
4

18
17
16
11
6
7
12

22
17
16
15
20
21

15
16
11
6
5
10

18
17
16
11
6
7
12

9
4
3
8
13
14

18
13
14
19
24
23

12
7
6
11
16
17
18

10
5
6
11
16
15

4
3
2
7
12
13
8

6
11
10
5
0
1
2

8
13
12
7
2
3
4

2
1
0
5
10
11
6

23
24
19
14
13
18

21
20
15
16
17
22

14
13
8
3
4
9

