15
16
11
6
5
10

9
4
3
8
13
14

18
17
16
11
6
7
12

2
1
0
5
10
11
6

23
24
19
14
13
18

8
13
12
7
2
3
4

6
11
10
5
0
1
2

12
7
6
11
16
17
18

4
3
2
7
12
13
8

22
17
16
15
20
21

14
13
8
3
4
9

18
13
14
19
24
23

21
20
15
16
17
22

10
5
6
11
16
15

18
17
16
11
6
7
12

6
11
10
5
0
1
2

10
5
6
11
16
15

23
24
19
14
13
18

12
7
6
11
16
17
18

4
3
2
7
12
13
8

14
13
8
3
4
9

15
16
11
6
5
10

9
4
3
8
13
14

18
13
14
19
24
23

8
13
12
7
2
3
4

22
17
16
15
20
21

2
1
0
5
10
11
6

21
20
15
16
17
22

18
17
16
11
6
7
12

2
1
0
5
10
11
6

8
13
12
7
2
3
4

14
13
8
3
4
9

4
3
2
7
12
13
8

10
5
6
11
16
15

21
20
15
16
17
22

15
16
11
6
5
10

22
17
16
15
20
21

6
11
10
5
0
1
2

9
4
3
8
13
14

18
13
14
19
24
23

12
7
6
11
16
17
18

23
24
19
14
13
18

4
3
2
7
12
13
8

15
16
11
6
5
10

12
7
6
11
16
17
18

9
4
3
8
13
14

18
17
16
11
6
7
12

18
13
14
19
24
23

23
24
19
14
13
18

6
11
10
5
0
1
2

22
17
16
15
20
21

21
20
15
16
17
22

10
5
6
11
16
15

8
13
12
7
2
3
4

2
1
0
5
10
11
6

14
13
8
3
4
9

23
24
19
14
13
18

21
20
15
16
17
22

8
13
12
7
2
3
4

4
3
2
7
12
13
8

22
17
16
15
20
21

6
11
10
5
0
1
2

14
13
8
3
4
9

18
17
16
11
6
7
12

12
7
6
11
16
17
18

10
5
6
11
16
15

18
13
14
19
24
23

2
1
0
5
10
11
6

15
16
11
6
5
10

9
4
3
8
13
14

