18
13
14
19
24
23

21
20
15
16
17
22

8
13
12
7
2
3
4

18
17
16
11
6
7
12

4
3
2
7
12
13
8

23
24
19
14
13
18

14
13
8
3
4
9

12
7
6
11
16
17
18

9
4
3
8
13
14

10
5
6
11
16
15

22
17
16
15
20
21

2
1
0
5
10
11
6

6
11
10
5
0
1
2

15
16
11
6
5
10

22
17
16
15
20
21

8
13
12
7
2
3
4

15
16
11
6
5
10

14
13
8
3
4
9

2
1
0
5
10
11
6

18
13
14
19
24
23

21
20
15
16
17
22

12
7
6
11
16
17
18

9
4
3
8
13
14

4
3
2
7
12
13
8

10
5
6
11
16
15

6
11
10
5
0
1
2

23
24
19
14
13
18

18
17
16
11
6
7
12

23
24
19
14
13
18

14
13
8
3
4
9

12
7
6
11
16
17
18

6
11
10
5
0
1
2

10
5
6
11
16
15

18
17
16
11
6
7
12

8
13
12
7
2
3
4

18
13
14
19
24
23

2
1
0
5
10
11
6

21
20
15
16
17
22

15
16
11
6
5
10

22
17
16
15
20
21

4
3
2
7
12
13
8

9
4
3
8
13
14

9
4
3
8
13
14

14
13
8
3
4
9

18
17
16
11
6
7
12

6
11
10
5
0
1
2

12
7
6
11
16
17
18

8
13
12
7
2
3
4

23
24
19
14
13
18

2
1
0
5
10
11
6

10
5
6
11
16
15

18
13
14
19
24
23

21
20
15
16
17
22

4
3
2
7
12
13
8

22
17
16
15
20
21

15
16
11
6
5
10

23
24
19
14
13
18

6
11
10
5
0
1
2

8
13
12
7
2
3
4

4
3
2
7
12
13
8

21
20
15
16
17
22

22
17
16
15
20
21

18
17
16
11
6
7
12

15
16
11
6
5
10

12
7
6
11
16
17
18

10
5
6
11
16
15

2
1
0
5
10
11
6

14
13
8
3
4
9

18
13
14
19
24
23

9
4
3
8
13
14

