8
13
12
7
2
3
4

18
13
14
19
24
23

18
17
16
11
6
7
12

12
7
6
11
16
17
18

21
20
15
16
17
22

23
24
19
14
13
18

9
4
3
8
13
14

14
13
8
3
4
9

15
16
11
6
5
10

10
5
6
11
16
15

4
3
2
7
12
13
8

2
1
0
5
10
11
6

22
17
16
15
20
21

6
11
10
5
0
1
2

18
17
16
11
6
7
12

14
13
8
3
4
9

6
11
10
5
0
1
2

12
7
6
11
16
17
18

2
1
0
5
10
11
6

15
16
11
6
5
10

23
24
19
14
13
18

4
3
2
7
12
13
8

9
4
3
8
13
14

8
13
12
7
2
3
4

21
20
15
16
17
22

22
17
16
15
20
21

18
13
14
19
24
23

10
5
6
11
16
15

23
24
19
14
13
18

22
17
16
15
20
21

21
20
15
16
17
22

4
3
2
7
12
13
8

18
13
14
19
24
23

8
13
12
7
2
3
4

14
13
8
3
4
9

9
4
3
8
13
14

18
17
16
11
6
7
12

2
1
0
5
10
11
6

15
16
11
6
5
10

6
11
10
5
0
1
2

12
7
6
11
16
17
18

10
5
6
11
16
15

23
24
19
14
13
18

18
13
14
19
24
23

22
17
16
15
20
21

14
13
8
3
4
9

6
11
10
5
0
1
2

9
4
3
8
13
14

18
17
16
11
6
7
12

15
16
11
6
5
10

8
13
12
7
2
3
4

2
1
0
5
10
11
6

21
20
15
16
17
22

4
3
2
7
12
13
8

12
7
6
11
16
17
18

10
5
6
11
16
15

23
24
19
14
13
18

9
4
3
8
13
14

8
13
12
7
2
3
4

10
5
6
11
16
15

18
17
16
11
6
7
12

6
11
10
5
0
1
2

21
20
15
16
17
22

4
3
2
7
12
13
8

12
7
6
11
16
17
18

18
13
14
19
24
23

15
16
11
6
5
10

14
13
8
3
4
9

22
17
16
15
20
21

2
1
0
5
10
11
6

