15
16
11
6
5
10

4
3
2
7
12
13
8

10
5
6
11
16
15

22
17
16
15
20
21

12
7
6
11
16
17
18

6
11
10
5
0
1
2

21
20
15
16
17
22

14
13
8
3
4
9

18
17
16
11
6
7
12

2
1
0
5
10
11
6

8
13
12
7
2
3
4

9
4
3
8
13
14

18
13
14
19
24
23

23
24
19
14
13
18

2
1
0
5
10
11
6

15
16
11
6
5
10

4
3
2
7
12
13
8

14
13
8
3
4
9

10
5
6
11
16
15

9
4
3
8
13
14

21
20
15
16
17
22

22
17
16
15
20
21

23
24
19
14
13
18

8
13
12
7
2
3
4

12
7
6
11
16
17
18

18
17
16
11
6
7
12

6
11
10
5
0
1
2

18
13
14
19
24
23

23
24
19
14
13
18

18
13
14
19
24
23

14
13
8
3
4
9

8
13
12
7
2
3
4

18
17
16
11
6
7
12

21
20
15
16
17
22

10
5
6
11
16
15

2
1
0
5
10
11
6

15
16
11
6
5
10

12
7
6
11
16
17
18

9
4
3
8
13
14

6
11
10
5
0
1
2

4
3
2
7
12
13
8

22
17
16
15
20
21

2
1
0
5
10
11
6

12
7
6
11
16
17
18

18
13
14
19
24
23

22
17
16
15
20
21

23
24
19
14
13
18

4
3
2
7
12
13
8

6
11
10
5
0
1
2

18
17
16
11
6
7
12

8
13
12
7
2
3
4

10
5
6
11
16
15

15
16
11
6
5
10

14
13
8
3
4
9

21
20
15
16
17
22

9
4
3
8
13
14

4
3
2
7
12
13
8

18
17
16
11
6
7
12

10
5
6
11
16
15

2
1
0
5
10
11
6

9
4
3
8
13
14

14
13
8
3
4
9

8
13
12
7
2
3
4

12
7
6
11
16
17
18

22
17
16
15
20
21

15
16
11
6
5
10

6
11
10
5
0
1
2

21
20
15
16
17
22

23
24
19
14
13
18

18
13
14
19
24
23

