15
16
11
6
5
10

2
1
0
5
10
11
6

23
24
19
14
13
18

18
13
14
19
24
23

22
17
16
15
20
21

21
20
15
16
17
22

10
5
6
11
16
15

18
17
16
11
6
7
12

14
13
8
3
4
9

9
4
3
8
13
14

12
7
6
11
16
17
18

6
11
10
5
0
1
2

8
13
12
7
2
3
4

4
3
2
7
12
13
8

18
17
16
11
6
7
12

12
7
6
11
16
17
18

21
20
15
16
17
22

10
5
6
11
16
15

9
4
3
8
13
14

22
17
16
15
20
21

4
3
2
7
12
13
8

23
24
19
14
13
18

6
11
10
5
0
1
2

14
13
8
3
4
9

8
13
12
7
2
3
4

18
13
14
19
24
23

2
1
0
5
10
11
6

15
16
11
6
5
10

8
13
12
7
2
3
4

9
4
3
8
13
14

21
20
15
16
17
22

23
24
19
14
13
18

10
5
6
11
16
15

18
13
14
19
24
23

18
17
16
11
6
7
12

22
17
16
15
20
21

2
1
0
5
10
11
6

4
3
2
7
12
13
8

12
7
6
11
16
17
18

6
11
10
5
0
1
2

14
13
8
3
4
9

15
16
11
6
5
10

15
16
11
6
5
10

21
20
15
16
17
22

22
17
16
15
20
21

9
4
3
8
13
14

10
5
6
11
16
15

8
13
12
7
2
3
4

12
7
6
11
16
17
18

14
13
8
3
4
9

6
11
10
5
0
1
2

18
17
16
11
6
7
12

18
13
14
19
24
23

2
1
0
5
10
11
6

4
3
2
7
12
13
8

23
24
19
14
13
18

8
13
12
7
2
3
4

21
20
15
16
17
22

15
16
11
6
5
10

14
13
8
3
4
9

2
1
0
5
10
11
6

18
13
14
19
24
23

4
3
2
7
12
13
8

6
11
10
5
0
1
2

23
24
19
14
13
18

12
7
6
11
16
17
18

9
4
3
8
13
14

22
17
16
15
20
21

10
5
6
11
16
15

18
17
16
11
6
7
12

