22
17
16
15
20
21

21
20
15
16
17
22

2
1
0
5
10
11
6

8
13
12
7
2
3
4

14
13
8
3
4
9

9
4
3
8
13
14

18
17
16
11
6
7
12

12
7
6
11
16
17
18

4
3
2
7
12
13
8

18
13
14
19
24
23

6
11
10
5
0
1
2

10
5
6
11
16
15

15
16
11
6
5
10

23
24
19
14
13
18

15
16
11
6
5
10

23
24
19
14
13
18

18
17
16
11
6
7
12

12
7
6
11
16
17
18

6
11
10
5
0
1
2

9
4
3
8
13
14

14
13
8
3
4
9

2
1
0
5
10
11
6

18
13
14
19
24
23

21
20
15
16
17
22

10
5
6
11
16
15

8
13
12
7
2
3
4

4
3
2
7
12
13
8

22
17
16
15
20
21

23
24
19
14
13
18

2
1
0
5
10
11
6

22
17
16
15
20
21

6
11
10
5
0
1
2

21
20
15
16
17
22

18
17
16
11
6
7
12

4
3
2
7
12
13
8

8
13
12
7
2
3
4

14
13
8
3
4
9

12
7
6
11
16
17
18

18
13
14
19
24
23

10
5
6
11
16
15

15
16
11
6
5
10

9
4
3
8
13
14

22
17
16
15
20
21

18
17
16
11
6
7
12

4
3
2
7
12
13
8

18
13
14
19
24
23

15
16
11
6
5
10

10
5
6
11
16
15

8
13
12
7
2
3
4

9
4
3
8
13
14

14
13
8
3
4
9

6
11
10
5
0
1
2

23
24
19
14
13
18

12
7
6
11
16
17
18

2
1
0
5
10
11
6

21
20
15
16
17
22

6
11
10
5
0
1
2

22
17
16
15
20
21

18
17
16
11
6
7
12

18
13
14
19
24
23

14
13
8
3
4
9

4
3
2
7
12
13
8

23
24
19
14
13
18

12
7
6
11
16
17
18

15
16
11
6
5
10

9
4
3
8
13
14

8
13
12
7
2
3
4

21
20
15
16
17
22

2
1
0
5
10
11
6

10
5
6
11
16
15

