18
13
14
19
24
23

12
7
6
11
16
17
18

18
17
16
11
6
7
12

6
11
10
5
0
1
2

23
24
19
14
13
18

21
20
15
16
17
22

2
1
0
5
10
11
6

14
13
8
3
4
9

8
13
12
7
2
3
4

15
16
11
6
5
10

4
3
2
7
12
13
8

22
17
16
15
20
21

9
4
3
8
13
14

10
5
6
11
16
15

6
11
10
5
0
1
2

18
17
16
11
6
7
12

9
4
3
8
13
14

23
24
19
14
13
18

8
13
12
7
2
3
4

21
20
15
16
17
22

14
13
8
3
4
9

12
7
6
11
16
17
18

15
16
11
6
5
10

2
1
0
5
10
11
6

22
17
16
15
20
21

10
5
6
11
16
15

18
13
14
19
24
23

4
3
2
7
12
13
8

4
3
2
7
12
13
8

9
4
3
8
13
14

21
20
15
16
17
22

2
1
0
5
10
11
6

18
13
14
19
24
23

14
13
8
3
4
9

18
17
16
11
6
7
12

10
5
6
11
16
15

6
11
10
5
0
1
2

12
7
6
11
16
17
18

22
17
16
15
20
21

23
24
19
14
13
18

8
13
12
7
2
3
4

15
16
11
6
5
10

9
4
3
8
13
14

4
3
2
7
12
13
8

6
11
10
5
0
1
2

22
17
16
15
20
21

2
1
0
5
10
11
6

12
7
6
11
16
17
18

10
5
6
11
16
15

14
13
8
3
4
9

15
16
11
6
5
10

18
13
14
19
24
23

21
20
15
16
17
22

18
17
16
11
6
7
12

8
13
12
7
2
3
4

23
24
19
14
13
18

18
13
14
19
24
23

22
17
16
15
20
21

21
20
15
16
17
22

15
16
11
6
5
10

23
24
19
14
13
18

2
1
0
5
10
11
6

9
4
3
8
13
14

18
17
16
11
6
7
12

8
13
12
7
2
3
4

12
7
6
11
16
17
18

14
13
8
3
4
9

10
5
6
11
16
15

4
3
2
7
12
13
8

6
11
10
5
0
1
2

