21
20
15
16
17
22

18
13
14
19
24
23

6
11
10
5
0
1
2

2
1
0
5
10
11
6

22
17
16
15
20
21

12
7
6
11
16
17
18

8
13
12
7
2
3
4

15
16
11
6
5
10

10
5
6
11
16
15

23
24
19
14
13
18

4
3
2
7
12
13
8

14
13
8
3
4
9

18
17
16
11
6
7
12

9
4
3
8
13
14

10
5
6
11
16
15

4
3
2
7
12
13
8

2
1
0
5
10
11
6

12
7
6
11
16
17
18

8
13
12
7
2
3
4

23
24
19
14
13
18

21
20
15
16
17
22

18
17
16
11
6
7
12

14
13
8
3
4
9

18
13
14
19
24
23

9
4
3
8
13
14

22
17
16
15
20
21

15
16
11
6
5
10

6
11
10
5
0
1
2

6
11
10
5
0
1
2

22
17
16
15
20
21

10
5
6
11
16
15

12
7
6
11
16
17
18

21
20
15
16
17
22

9
4
3
8
13
14

14
13
8
3
4
9

15
16
11
6
5
10

18
13
14
19
24
23

8
13
12
7
2
3
4

18
17
16
11
6
7
12

23
24
19
14
13
18

2
1
0
5
10
11
6

4
3
2
7
12
13
8

15
16
11
6
5
10

23
24
19
14
13
18

12
7
6
11
16
17
18

8
13
12
7
2
3
4

2
1
0
5
10
11
6

22
17
16
15
20
21

18
13
14
19
24
23

21
20
15
16
17
22

6
11
10
5
0
1
2

14
13
8
3
4
9

4
3
2
7
12
13
8

9
4
3
8
13
14

18
17
16
11
6
7
12

10
5
6
11
16
15

12
7
6
11
16
17
18

15
16
11
6
5
10

10
5
6
11
16
15

8
13
12
7
2
3
4

22
17
16
15
20
21

21
20
15
16
17
22

23
24
19
14
13
18

14
13
8
3
4
9

18
17
16
11
6
7
12

4
3
2
7
12
13
8

6
11
10
5
0
1
2

9
4
3
8
13
14

2
1
0
5
10
11
6

18
13
14
19
24
23

