18
13
14
19
24
23

15
16
11
6
5
10

2
1
0
5
10
11
6

21
20
15
16
17
22

8
13
12
7
2
3
4

14
13
8
3
4
9

18
17
16
11
6
7
12

12
7
6
11
16
17
18

22
17
16
15
20
21

9
4
3
8
13
14

4
3
2
7
12
13
8

23
24
19
14
13
18

6
11
10
5
0
1
2

10
5
6
11
16
15

22
17
16
15
20
21

18
17
16
11
6
7
12

4
3
2
7
12
13
8

10
5
6
11
16
15

2
1
0
5
10
11
6

21
20
15
16
17
22

6
11
10
5
0
1
2

18
13
14
19
24
23

8
13
12
7
2
3
4

15
16
11
6
5
10

12
7
6
11
16
17
18

23
24
19
14
13
18

14
13
8
3
4
9

9
4
3
8
13
14

18
17
16
11
6
7
12

8
13
12
7
2
3
4

6
11
10
5
0
1
2

18
13
14
19
24
23

9
4
3
8
13
14

12
7
6
11
16
17
18

2
1
0
5
10
11
6

14
13
8
3
4
9

21
20
15
16
17
22

10
5
6
11
16
15

23
24
19
14
13
18

4
3
2
7
12
13
8

22
17
16
15
20
21

15
16
11
6
5
10

21
20
15
16
17
22

2
1
0
5
10
11
6

15
16
11
6
5
10

6
11
10
5
0
1
2

9
4
3
8
13
14

10
5
6
11
16
15

4
3
2
7
12
13
8

18
17
16
11
6
7
12

18
13
14
19
24
23

23
24
19
14
13
18

12
7
6
11
16
17
18

22
17
16
15
20
21

8
13
12
7
2
3
4

14
13
8
3
4
9

15
16
11
6
5
10

14
13
8
3
4
9

12
7
6
11
16
17
18

18
13
14
19
24
23

23
24
19
14
13
18

4
3
2
7
12
13
8

21
20
15
16
17
22

8
13
12
7
2
3
4

2
1
0
5
10
11
6

9
4
3
8
13
14

22
17
16
15
20
21

10
5
6
11
16
15

18
17
16
11
6
7
12

6
11
10
5
0
1
2

