15
16
11
6
5
10

12
7
6
11
16
17
18

2
1
0
5
10
11
6

14
13
8
3
4
9

18
17
16
11
6
7
12

9
4
3
8
13
14

6
11
10
5
0
1
2

4
3
2
7
12
13
8

23
24
19
14
13
18

10
5
6
11
16
15

18
13
14
19
24
23

21
20
15
16
17
22

8
13
12
7
2
3
4

22
17
16
15
20
21

10
5
6
11
16
15

6
11
10
5
0
1
2

18
13
14
19
24
23

18
17
16
11
6
7
12

23
24
19
14
13
18

14
13
8
3
4
9

15
16
11
6
5
10

22
17
16
15
20
21

9
4
3
8
13
14

21
20
15
16
17
22

4
3
2
7
12
13
8

8
13
12
7
2
3
4

2
1
0
5
10
11
6

12
7
6
11
16
17
18

18
13
14
19
24
23

6
11
10
5
0
1
2

10
5
6
11
16
15

12
7
6
11
16
17
18

18
17
16
11
6
7
12

23
24
19
14
13
18

21
20
15
16
17
22

2
1
0
5
10
11
6

22
17
16
15
20
21

14
13
8
3
4
9

8
13
12
7
2
3
4

9
4
3
8
13
14

15
16
11
6
5
10

4
3
2
7
12
13
8

18
13
14
19
24
23

10
5
6
11
16
15

4
3
2
7
12
13
8

21
20
15
16
17
22

18
17
16
11
6
7
12

15
16
11
6
5
10

22
17
16
15
20
21

14
13
8
3
4
9

9
4
3
8
13
14

6
11
10
5
0
1
2

8
13
12
7
2
3
4

2
1
0
5
10
11
6

12
7
6
11
16
17
18

23
24
19
14
13
18

18
17
16
11
6
7
12

21
20
15
16
17
22

6
11
10
5
0
1
2

23
24
19
14
13
18

18
13
14
19
24
23

12
7
6
11
16
17
18

22
17
16
15
20
21

14
13
8
3
4
9

15
16
11
6
5
10

9
4
3
8
13
14

2
1
0
5
10
11
6

8
13
12
7
2
3
4

10
5
6
11
16
15

4
3
2
7
12
13
8

