10
5
6
11
16
15

18
13
14
19
24
23

18
17
16
11
6
7
12

12
7
6
11
16
17
18

23
24
19
14
13
18

8
13
12
7
2
3
4

4
3
2
7
12
13
8

14
13
8
3
4
9

22
17
16
15
20
21

15
16
11
6
5
10

2
1
0
5
10
11
6

9
4
3
8
13
14

6
11
10
5
0
1
2

21
20
15
16
17
22

14
13
8
3
4
9

18
13
14
19
24
23

4
3
2
7
12
13
8

8
13
12
7
2
3
4

15
16
11
6
5
10

12
7
6
11
16
17
18

9
4
3
8
13
14

21
20
15
16
17
22

6
11
10
5
0
1
2

10
5
6
11
16
15

23
24
19
14
13
18

2
1
0
5
10
11
6

18
17
16
11
6
7
12

22
17
16
15
20
21

15
16
11
6
5
10

10
5
6
11
16
15

21
20
15
16
17
22

9
4
3
8
13
14

23
24
19
14
13
18

12
7
6
11
16
17
18

2
1
0
5
10
11
6

6
11
10
5
0
1
2

8
13
12
7
2
3
4

22
17
16
15
20
21

14
13
8
3
4
9

4
3
2
7
12
13
8

18
13
14
19
24
23

18
17
16
11
6
7
12

14
13
8
3
4
9

15
16
11
6
5
10

6
11
10
5
0
1
2

12
7
6
11
16
17
18

21
20
15
16
17
22

22
17
16
15
20
21

18
13
14
19
24
23

23
24
19
14
13
18

4
3
2
7
12
13
8

18
17
16
11
6
7
12

2
1
0
5
10
11
6

9
4
3
8
13
14

10
5
6
11
16
15

8
13
12
7
2
3
4

4
3
2
7
12
13
8

18
13
14
19
24
23

21
20
15
16
17
22

10
5
6
11
16
15

18
17
16
11
6
7
12

15
16
11
6
5
10

9
4
3
8
13
14

8
13
12
7
2
3
4

23
24
19
14
13
18

2
1
0
5
10
11
6

14
13
8
3
4
9

22
17
16
15
20
21

6
11
10
5
0
1
2

12
7
6
11
16
17
18

