15
16
11
6
5
10

23
24
19
14
13
18

14
13
8
3
4
9

2
1
0
5
10
11
6

8
13
12
7
2
3
4

10
5
6
11
16
15

21
20
15
16
17
22

18
13
14
19
24
23

9
4
3
8
13
14

22
17
16
15
20
21

12
7
6
11
16
17
18

18
17
16
11
6
7
12

6
11
10
5
0
1
2

4
3
2
7
12
13
8

18
13
14
19
24
23

22
17
16
15
20
21

8
13
12
7
2
3
4

18
17
16
11
6
7
12

23
24
19
14
13
18

12
7
6
11
16
17
18

15
16
11
6
5
10

6
11
10
5
0
1
2

14
13
8
3
4
9

4
3
2
7
12
13
8

10
5
6
11
16
15

21
20
15
16
17
22

2
1
0
5
10
11
6

9
4
3
8
13
14

8
13
12
7
2
3
4

10
5
6
11
16
15

14
13
8
3
4
9

18
17
16
11
6
7
12

22
17
16
15
20
21

4
3
2
7
12
13
8

6
11
10
5
0
1
2

18
13
14
19
24
23

23
24
19
14
13
18

2
1
0
5
10
11
6

12
7
6
11
16
17
18

21
20
15
16
17
22

15
16
11
6
5
10

9
4
3
8
13
14

21
20
15
16
17
22

14
13
8
3
4
9

18
13
14
19
24
23

22
17
16
15
20
21

15
16
11
6
5
10

18
17
16
11
6
7
12

2
1
0
5
10
11
6

23
24
19
14
13
18

10
5
6
11
16
15

8
13
12
7
2
3
4

12
7
6
11
16
17
18

6
11
10
5
0
1
2

4
3
2
7
12
13
8

9
4
3
8
13
14

2
1
0
5
10
11
6

23
24
19
14
13
18

8
13
12
7
2
3
4

15
16
11
6
5
10

12
7
6
11
16
17
18

18
13
14
19
24
23

18
17
16
11
6
7
12

9
4
3
8
13
14

21
20
15
16
17
22

22
17
16
15
20
21

6
11
10
5
0
1
2

14
13
8
3
4
9

10
5
6
11
16
15

4
3
2
7
12
13
8

