10
5
6
11
16
15

4
3
2
7
12
13
8

18
17
16
11
6
7
12

18
13
14
19
24
23

23
24
19
14
13
18

15
16
11
6
5
10

2
1
0
5
10
11
6

14
13
8
3
4
9

12
7
6
11
16
17
18

6
11
10
5
0
1
2

8
13
12
7
2
3
4

21
20
15
16
17
22

22
17
16
15
20
21

9
4
3
8
13
14

18
17
16
11
6
7
12

15
16
11
6
5
10

14
13
8
3
4
9

2
1
0
5
10
11
6

21
20
15
16
17
22

22
17
16
15
20
21

10
5
6
11
16
15

4
3
2
7
12
13
8

9
4
3
8
13
14

23
24
19
14
13
18

6
11
10
5
0
1
2

18
13
14
19
24
23

12
7
6
11
16
17
18

8
13
12
7
2
3
4

23
24
19
14
13
18

14
13
8
3
4
9

4
3
2
7
12
13
8

22
17
16
15
20
21

9
4
3
8
13
14

2
1
0
5
10
11
6

15
16
11
6
5
10

6
11
10
5
0
1
2

8
13
12
7
2
3
4

10
5
6
11
16
15

21
20
15
16
17
22

18
13
14
19
24
23

12
7
6
11
16
17
18

18
17
16
11
6
7
12

23
24
19
14
13
18

6
11
10
5
0
1
2

22
17
16
15
20
21

15
16
11
6
5
10

2
1
0
5
10
11
6

12
7
6
11
16
17
18

18
17
16
11
6
7
12

9
4
3
8
13
14

10
5
6
11
16
15

8
13
12
7
2
3
4

21
20
15
16
17
22

14
13
8
3
4
9

18
13
14
19
24
23

4
3
2
7
12
13
8

22
17
16
15
20
21

14
13
8
3
4
9

15
16
11
6
5
10

18
17
16
11
6
7
12

23
24
19
14
13
18

18
13
14
19
24
23

8
13
12
7
2
3
4

12
7
6
11
16
17
18

4
3
2
7
12
13
8

6
11
10
5
0
1
2

2
1
0
5
10
11
6

9
4
3
8
13
14

21
20
15
16
17
22

10
5
6
11
16
15

