14
13
8
3
4
9

4
3
2
7
12
13
8

18
13
14
19
24
23

18
17
16
11
6
7
12

15
16
11
6
5
10

6
11
10
5
0
1
2

23
24
19
14
13
18

22
17
16
15
20
21

2
1
0
5
10
11
6

12
7
6
11
16
17
18

9
4
3
8
13
14

10
5
6
11
16
15

21
20
15
16
17
22

8
13
12
7
2
3
4

12
7
6
11
16
17
18

4
3
2
7
12
13
8

6
11
10
5
0
1
2

21
20
15
16
17
22

18
17
16
11
6
7
12

18
13
14
19
24
23

22
17
16
15
20
21

14
13
8
3
4
9

8
13
12
7
2
3
4

10
5
6
11
16
15

23
24
19
14
13
18

15
16
11
6
5
10

9
4
3
8
13
14

2
1
0
5
10
11
6

22
17
16
15
20
21

2
1
0
5
10
11
6

14
13
8
3
4
9

18
13
14
19
24
23

21
20
15
16
17
22

6
11
10
5
0
1
2

15
16
11
6
5
10

10
5
6
11
16
15

8
13
12
7
2
3
4

4
3
2
7
12
13
8

9
4
3
8
13
14

12
7
6
11
16
17
18

18
17
16
11
6
7
12

23
24
19
14
13
18

10
5
6
11
16
15

2
1
0
5
10
11
6

21
20
15
16
17
22

22
17
16
15
20
21

18
13
14
19
24
23

23
24
19
14
13
18

14
13
8
3
4
9

15
16
11
6
5
10

6
11
10
5
0
1
2

8
13
12
7
2
3
4

9
4
3
8
13
14

12
7
6
11
16
17
18

4
3
2
7
12
13
8

18
17
16
11
6
7
12

12
7
6
11
16
17
18

23
24
19
14
13
18

14
13
8
3
4
9

9
4
3
8
13
14

15
16
11
6
5
10

21
20
15
16
17
22

8
13
12
7
2
3
4

18
17
16
11
6
7
12

18
13
14
19
24
23

2
1
0
5
10
11
6

10
5
6
11
16
15

6
11
10
5
0
1
2

4
3
2
7
12
13
8

22
17
16
15
20
21

