9
4
3
8
13
14

12
7
6
11
16
17
18

15
16
11
6
5
10

10
5
6
11
16
15

21
20
15
16
17
22

18
13
14
19
24
23

6
11
10
5
0
1
2

4
3
2
7
12
13
8

18
17
16
11
6
7
12

14
13
8
3
4
9

23
24
19
14
13
18

8
13
12
7
2
3
4

2
1
0
5
10
11
6

22
17
16
15
20
21

21
20
15
16
17
22

23
24
19
14
13
18

18
13
14
19
24
23

4
3
2
7
12
13
8

18
17
16
11
6
7
12

14
13
8
3
4
9

15
16
11
6
5
10

6
11
10
5
0
1
2

12
7
6
11
16
17
18

9
4
3
8
13
14

8
13
12
7
2
3
4

22
17
16
15
20
21

2
1
0
5
10
11
6

10
5
6
11
16
15

18
17
16
11
6
7
12

4
3
2
7
12
13
8

6
11
10
5
0
1
2

21
20
15
16
17
22

23
24
19
14
13
18

15
16
11
6
5
10

18
13
14
19
24
23

8
13
12
7
2
3
4

12
7
6
11
16
17
18

10
5
6
11
16
15

14
13
8
3
4
9

22
17
16
15
20
21

2
1
0
5
10
11
6

9
4
3
8
13
14

9
4
3
8
13
14

21
20
15
16
17
22

6
11
10
5
0
1
2

8
13
12
7
2
3
4

4
3
2
7
12
13
8

12
7
6
11
16
17
18

14
13
8
3
4
9

2
1
0
5
10
11
6

18
17
16
11
6
7
12

23
24
19
14
13
18

15
16
11
6
5
10

10
5
6
11
16
15

18
13
14
19
24
23

22
17
16
15
20
21

4
3
2
7
12
13
8

14
13
8
3
4
9

18
13
14
19
24
23

10
5
6
11
16
15

15
16
11
6
5
10

12
7
6
11
16
17
18

22
17
16
15
20
21

23
24
19
14
13
18

9
4
3
8
13
14

21
20
15
16
17
22

8
13
12
7
2
3
4

2
1
0
5
10
11
6

18
17
16
11
6
7
12

6
11
10
5
0
1
2

