18
17
16
11
6
7
12

23
24
19
14
13
18

18
13
14
19
24
23

14
13
8
3
4
9

21
20
15
16
17
22

2
1
0
5
10
11
6

12
7
6
11
16
17
18

6
11
10
5
0
1
2

8
13
12
7
2
3
4

4
3
2
7
12
13
8

10
5
6
11
16
15

22
17
16
15
20
21

15
16
11
6
5
10

9
4
3
8
13
14

6
11
10
5
0
1
2

18
17
16
11
6
7
12

10
5
6
11
16
15

12
7
6
11
16
17
18

18
13
14
19
24
23

22
17
16
15
20
21

14
13
8
3
4
9

15
16
11
6
5
10

4
3
2
7
12
13
8

8
13
12
7
2
3
4

23
24
19
14
13
18

2
1
0
5
10
11
6

21
20
15
16
17
22

9
4
3
8
13
14

10
5
6
11
16
15

8
13
12
7
2
3
4

14
13
8
3
4
9

9
4
3
8
13
14

12
7
6
11
16
17
18

4
3
2
7
12
13
8

18
13
14
19
24
23

18
17
16
11
6
7
12

15
16
11
6
5
10

21
20
15
16
17
22

23
24
19
14
13
18

22
17
16
15
20
21

2
1
0
5
10
11
6

6
11
10
5
0
1
2

10
5
6
11
16
15

23
24
19
14
13
18

2
1
0
5
10
11
6

4
3
2
7
12
13
8

6
11
10
5
0
1
2

15
16
11
6
5
10

8
13
12
7
2
3
4

22
17
16
15
20
21

21
20
15
16
17
22

12
7
6
11
16
17
18

9
4
3
8
13
14

18
17
16
11
6
7
12

14
13
8
3
4
9

18
13
14
19
24
23

15
16
11
6
5
10

23
24
19
14
13
18

14
13
8
3
4
9

4
3
2
7
12
13
8

12
7
6
11
16
17
18

18
17
16
11
6
7
12

6
11
10
5
0
1
2

22
17
16
15
20
21

8
13
12
7
2
3
4

10
5
6
11
16
15

21
20
15
16
17
22

9
4
3
8
13
14

2
1
0
5
10
11
6

18
13
14
19
24
23

