15
16
11
6
5
10

18
13
14
19
24
23

23
24
19
14
13
18

22
17
16
15
20
21

4
3
2
7
12
13
8

21
20
15
16
17
22

6
11
10
5
0
1
2

10
5
6
11
16
15

18
17
16
11
6
7
12

14
13
8
3
4
9

9
4
3
8
13
14

12
7
6
11
16
17
18

8
13
12
7
2
3
4

2
1
0
5
10
11
6

9
4
3
8
13
14

15
16
11
6
5
10

8
13
12
7
2
3
4

2
1
0
5
10
11
6

12
7
6
11
16
17
18

4
3
2
7
12
13
8

6
11
10
5
0
1
2

18
17
16
11
6
7
12

21
20
15
16
17
22

14
13
8
3
4
9

18
13
14
19
24
23

23
24
19
14
13
18

10
5
6
11
16
15

22
17
16
15
20
21

2
1
0
5
10
11
6

4
3
2
7
12
13
8

18
17
16
11
6
7
12

14
13
8
3
4
9

22
17
16
15
20
21

18
13
14
19
24
23

15
16
11
6
5
10

23
24
19
14
13
18

10
5
6
11
16
15

6
11
10
5
0
1
2

8
13
12
7
2
3
4

12
7
6
11
16
17
18

21
20
15
16
17
22

9
4
3
8
13
14

14
13
8
3
4
9

6
11
10
5
0
1
2

18
13
14
19
24
23

21
20
15
16
17
22

12
7
6
11
16
17
18

8
13
12
7
2
3
4

22
17
16
15
20
21

15
16
11
6
5
10

18
17
16
11
6
7
12

4
3
2
7
12
13
8

9
4
3
8
13
14

23
24
19
14
13
18

2
1
0
5
10
11
6

10
5
6
11
16
15

18
13
14
19
24
23

2
1
0
5
10
11
6

21
20
15
16
17
22

18
17
16
11
6
7
12

14
13
8
3
4
9

9
4
3
8
13
14

8
13
12
7
2
3
4

15
16
11
6
5
10

6
11
10
5
0
1
2

10
5
6
11
16
15

4
3
2
7
12
13
8

23
24
19
14
13
18

12
7
6
11
16
17
18

22
17
16
15
20
21

