14
13
8
3
4
9

18
17
16
11
6
7
12

9
4
3
8
13
14

8
13
12
7
2
3
4

12
7
6
11
16
17
18

23
24
19
14
13
18

10
5
6
11
16
15

22
17
16
15
20
21

6
11
10
5
0
1
2

18
13
14
19
24
23

2
1
0
5
10
11
6

4
3
2
7
12
13
8

21
20
15
16
17
22

15
16
11
6
5
10

10
5
6
11
16
15

21
20
15
16
17
22

22
17
16
15
20
21

14
13
8
3
4
9

18
17
16
11
6
7
12

4
3
2
7
12
13
8

23
24
19
14
13
18

8
13
12
7
2
3
4

18
13
14
19
24
23

15
16
11
6
5
10

9
4
3
8
13
14

2
1
0
5
10
11
6

6
11
10
5
0
1
2

12
7
6
11
16
17
18

18
17
16
11
6
7
12

21
20
15
16
17
22

8
13
12
7
2
3
4

22
17
16
15
20
21

14
13
8
3
4
9

18
13
14
19
24
23

6
11
10
5
0
1
2

9
4
3
8
13
14

15
16
11
6
5
10

23
24
19
14
13
18

4
3
2
7
12
13
8

2
1
0
5
10
11
6

12
7
6
11
16
17
18

10
5
6
11
16
15

18
13
14
19
24
23

4
3
2
7
12
13
8

15
16
11
6
5
10

9
4
3
8
13
14

10
5
6
11
16
15

8
13
12
7
2
3
4

18
17
16
11
6
7
12

2
1
0
5
10
11
6

14
13
8
3
4
9

22
17
16
15
20
21

12
7
6
11
16
17
18

21
20
15
16
17
22

23
24
19
14
13
18

6
11
10
5
0
1
2

18
13
14
19
24
23

14
13
8
3
4
9

12
7
6
11
16
17
18

18
17
16
11
6
7
12

23
24
19
14
13
18

22
17
16
15
20
21

15
16
11
6
5
10

8
13
12
7
2
3
4

2
1
0
5
10
11
6

21
20
15
16
17
22

6
11
10
5
0
1
2

9
4
3
8
13
14

10
5
6
11
16
15

4
3
2
7
12
13
8

