18
17
16
11
6
7
12

23
24
19
14
13
18

14
13
8
3
4
9

9
4
3
8
13
14

2
1
0
5
10
11
6

6
11
10
5
0
1
2

12
7
6
11
16
17
18

18
13
14
19
24
23

8
13
12
7
2
3
4

4
3
2
7
12
13
8

10
5
6
11
16
15

21
20
15
16
17
22

22
17
16
15
20
21

15
16
11
6
5
10

22
17
16
15
20
21

2
1
0
5
10
11
6

6
11
10
5
0
1
2

9
4
3
8
13
14

23
24
19
14
13
18

14
13
8
3
4
9

18
13
14
19
24
23

18
17
16
11
6
7
12

21
20
15
16
17
22

10
5
6
11
16
15

15
16
11
6
5
10

12
7
6
11
16
17
18

4
3
2
7
12
13
8

8
13
12
7
2
3
4

15
16
11
6
5
10

23
24
19
14
13
18

18
13
14
19
24
23

12
7
6
11
16
17
18

14
13
8
3
4
9

18
17
16
11
6
7
12

2
1
0
5
10
11
6

4
3
2
7
12
13
8

8
13
12
7
2
3
4

6
11
10
5
0
1
2

22
17
16
15
20
21

10
5
6
11
16
15

21
20
15
16
17
22

9
4
3
8
13
14

14
13
8
3
4
9

10
5
6
11
16
15

4
3
2
7
12
13
8

22
17
16
15
20
21

12
7
6
11
16
17
18

6
11
10
5
0
1
2

8
13
12
7
2
3
4

2
1
0
5
10
11
6

15
16
11
6
5
10

21
20
15
16
17
22

18
17
16
11
6
7
12

9
4
3
8
13
14

23
24
19
14
13
18

18
13
14
19
24
23

22
17
16
15
20
21

14
13
8
3
4
9

9
4
3
8
13
14

10
5
6
11
16
15

18
13
14
19
24
23

4
3
2
7
12
13
8

6
11
10
5
0
1
2

2
1
0
5
10
11
6

23
24
19
14
13
18

8
13
12
7
2
3
4

15
16
11
6
5
10

21
20
15
16
17
22

18
17
16
11
6
7
12

12
7
6
11
16
17
18

