10
5
6
11
16
15

6
11
10
5
0
1
2

18
17
16
11
6
7
12

9
4
3
8
13
14

22
17
16
15
20
21

18
13
14
19
24
23

23
24
19
14
13
18

2
1
0
5
10
11
6

8
13
12
7
2
3
4

15
16
11
6
5
10

4
3
2
7
12
13
8

14
13
8
3
4
9

12
7
6
11
16
17
18

21
20
15
16
17
22

18
13
14
19
24
23

21
20
15
16
17
22

18
17
16
11
6
7
12

15
16
11
6
5
10

14
13
8
3
4
9

8
13
12
7
2
3
4

4
3
2
7
12
13
8

10
5
6
11
16
15

9
4
3
8
13
14

23
24
19
14
13
18

6
11
10
5
0
1
2

2
1
0
5
10
11
6

22
17
16
15
20
21

12
7
6
11
16
17
18

4
3
2
7
12
13
8

14
13
8
3
4
9

18
13
14
19
24
23

8
13
12
7
2
3
4

23
24
19
14
13
18

21
20
15
16
17
22

10
5
6
11
16
15

22
17
16
15
20
21

2
1
0
5
10
11
6

6
11
10
5
0
1
2

15
16
11
6
5
10

9
4
3
8
13
14

18
17
16
11
6
7
12

12
7
6
11
16
17
18

18
17
16
11
6
7
12

18
13
14
19
24
23

12
7
6
11
16
17
18

2
1
0
5
10
11
6

22
17
16
15
20
21

21
20
15
16
17
22

10
5
6
11
16
15

8
13
12
7
2
3
4

6
11
10
5
0
1
2

4
3
2
7
12
13
8

23
24
19
14
13
18

9
4
3
8
13
14

14
13
8
3
4
9

15
16
11
6
5
10

22
17
16
15
20
21

8
13
12
7
2
3
4

15
16
11
6
5
10

14
13
8
3
4
9

23
24
19
14
13
18

12
7
6
11
16
17
18

6
11
10
5
0
1
2

2
1
0
5
10
11
6

21
20
15
16
17
22

9
4
3
8
13
14

18
13
14
19
24
23

4
3
2
7
12
13
8

18
17
16
11
6
7
12

10
5
6
11
16
15

