15
16
11
6
5
10

2
1
0
5
10
11
6

18
13
14
19
24
23

14
13
8
3
4
9

21
20
15
16
17
22

10
5
6
11
16
15

12
7
6
11
16
17
18

6
11
10
5
0
1
2

4
3
2
7
12
13
8

23
24
19
14
13
18

22
17
16
15
20
21

9
4
3
8
13
14

8
13
12
7
2
3
4

18
17
16
11
6
7
12

18
13
14
19
24
23

9
4
3
8
13
14

4
3
2
7
12
13
8

23
24
19
14
13
18

14
13
8
3
4
9

8
13
12
7
2
3
4

2
1
0
5
10
11
6

21
20
15
16
17
22

18
17
16
11
6
7
12

15
16
11
6
5
10

12
7
6
11
16
17
18

10
5
6
11
16
15

6
11
10
5
0
1
2

22
17
16
15
20
21

6
11
10
5
0
1
2

12
7
6
11
16
17
18

18
17
16
11
6
7
12

2
1
0
5
10
11
6

21
20
15
16
17
22

15
16
11
6
5
10

4
3
2
7
12
13
8

22
17
16
15
20
21

10
5
6
11
16
15

14
13
8
3
4
9

18
13
14
19
24
23

8
13
12
7
2
3
4

9
4
3
8
13
14

23
24
19
14
13
18

21
20
15
16
17
22

6
11
10
5
0
1
2

18
17
16
11
6
7
12

12
7
6
11
16
17
18

4
3
2
7
12
13
8

9
4
3
8
13
14

2
1
0
5
10
11
6

10
5
6
11
16
15

18
13
14
19
24
23

22
17
16
15
20
21

15
16
11
6
5
10

14
13
8
3
4
9

8
13
12
7
2
3
4

23
24
19
14
13
18

10
5
6
11
16
15

4
3
2
7
12
13
8

15
16
11
6
5
10

18
13
14
19
24
23

18
17
16
11
6
7
12

6
11
10
5
0
1
2

21
20
15
16
17
22

8
13
12
7
2
3
4

23
24
19
14
13
18

9
4
3
8
13
14

14
13
8
3
4
9

2
1
0
5
10
11
6

12
7
6
11
16
17
18

22
17
16
15
20
21

